1.000000000000000000e+00 9.322117500006523017e+01
2.000000000000000000e+00 9.807966590144636143e+01
3.000000000000000000e+00 1.050014556378929456e+02
4.000000000000000000e+00 1.120793703590478145e+02
5.000000000000000000e+00 1.193784115388748148e+02
6.000000000000000000e+00 1.270813334915971637e+02
7.000000000000000000e+00 1.351739543471186096e+02
8.000000000000000000e+00 1.435225163860926614e+02
9.000000000000000000e+00 1.519627162073189197e+02
1.000000000000000000e+01 1.603462645832579767e+02
1.100000000000000000e+01 1.685571368369533616e+02
1.200000000000000000e+01 1.765127539489542414e+02
1.300000000000000000e+01 1.841592488775884249e+02
1.400000000000000000e+01 1.914652699477101123e+02
1.500000000000000000e+01 1.984161792425064164e+02
1.600000000000000000e+01 2.050092557462490959e+02
1.700000000000000000e+01 2.112499721805864397e+02
1.800000000000000000e+01 2.171492123431241339e+02
1.900000000000000000e+01 2.227212440940108422e+02
2.000000000000000000e+01 2.279822720391874498e+02
2.100000000000000000e+01 2.329494227602611147e+02
2.200000000000000000e+01 2.376400469782408322e+02
