1.000000000000000000e+00 0.000000000000000000e+00 0.000000000000000000e+00 0.000000000000000000e+00 0.000000000000000000e+00 0.000000000000000000e+00 0.000000000000000000e+00 0.000000000000000000e+00 0.000000000000000000e+00 0.000000000000000000e+00 0.000000000000000000e+00 0.000000000000000000e+00 0.000000000000000000e+00 0.000000000000000000e+00 0.000000000000000000e+00 0.000000000000000000e+00 0.000000000000000000e+00 0.000000000000000000e+00 0.000000000000000000e+00 0.000000000000000000e+00 0.000000000000000000e+00 0.000000000000000000e+00
2.217236871153157041e-01 7.782763128846843514e-01 0.000000000000000000e+00 0.000000000000000000e+00 0.000000000000000000e+00 0.000000000000000000e+00 0.000000000000000000e+00 0.000000000000000000e+00 0.000000000000000000e+00 0.000000000000000000e+00 0.000000000000000000e+00 0.000000000000000000e+00 0.000000000000000000e+00 0.000000000000000000e+00 0.000000000000000000e+00 0.000000000000000000e+00 0.000000000000000000e+00 0.000000000000000000e+00 0.000000000000000000e+00 0.000000000000000000e+00 0.000000000000000000e+00 0.000000000000000000e+00
1.479545259313420347e-01 1.448691111491462458e-01 7.071763629195116918e-01 0.000000000000000000e+00 0.000000000000000000e+00 0.000000000000000000e+00 0.000000000000000000e+00 0.000000000000000000e+00 0.000000000000000000e+00 0.000000000000000000e+00 0.000000000000000000e+00 0.000000000000000000e+00 0.000000000000000000e+00 0.000000000000000000e+00 0.000000000000000000e+00 0.000000000000000000e+00 0.000000000000000000e+00 0.000000000000000000e+00 0.000000000000000000e+00 0.000000000000000000e+00 0.000000000000000000e+00 0.000000000000000000e+00
1.105663334137231835e-01 1.111573537015925484e-01 1.052954879638685753e-01 6.729808249208157900e-01 0.000000000000000000e+00 0.000000000000000000e+00 0.000000000000000000e+00 0.000000000000000000e+00 0.000000000000000000e+00 0.000000000000000000e+00 0.000000000000000000e+00 0.000000000000000000e+00 0.000000000000000000e+00 0.000000000000000000e+00 0.000000000000000000e+00 0.000000000000000000e+00 0.000000000000000000e+00 0.000000000000000000e+00 0.000000000000000000e+00 0.000000000000000000e+00 0.000000000000000000e+00 0.000000000000000000e+00
8.812484568955926412e-02 8.956584285706509219e-02 8.709336333666845009e-02 8.226257206346300477e-02 6.529533760532443276e-01 0.000000000000000000e+00 0.000000000000000000e+00 0.000000000000000000e+00 0.000000000000000000e+00 0.000000000000000000e+00 0.000000000000000000e+00 0.000000000000000000e+00 0.000000000000000000e+00 0.000000000000000000e+00 0.000000000000000000e+00 0.000000000000000000e+00 0.000000000000000000e+00 0.000000000000000000e+00 0.000000000000000000e+00 0.000000000000000000e+00 0.000000000000000000e+00 0.000000000000000000e+00
7.320313469762596004e-02 7.475139123371608851e-02 7.376916118397366939e-02 7.109994996517256249e-02 6.736081495072454572e-02 6.398155479687871461e-01 0.000000000000000000e+00 0.000000000000000000e+00 0.000000000000000000e+00 0.000000000000000000e+00 0.000000000000000000e+00 0.000000000000000000e+00 0.000000000000000000e+00 0.000000000000000000e+00 0.000000000000000000e+00 0.000000000000000000e+00 0.000000000000000000e+00 0.000000000000000000e+00 0.000000000000000000e+00 0.000000000000000000e+00 0.000000000000000000e+00 0.000000000000000000e+00
6.257904316148514556e-02 6.402556719154066378e-02 6.374854730474682762e-02 6.224317412535577271e-02 5.988918193892778241e-02 5.697585427081109516e-02 6.305386320071328932e-01 0.000000000000000000e+00 0.000000000000000000e+00 0.000000000000000000e+00 0.000000000000000000e+00 0.000000000000000000e+00 0.000000000000000000e+00 0.000000000000000000e+00 0.000000000000000000e+00 0.000000000000000000e+00 0.000000000000000000e+00 0.000000000000000000e+00 0.000000000000000000e+00 0.000000000000000000e+00 0.000000000000000000e+00 0.000000000000000000e+00
5.463589025938814236e-02 5.593044315433504804e-02 5.600091005589246523e-02 5.515644364570008312e-02 5.364248874083831636e-02 5.165299922303025898e-02 4.934038304564104804e-02 6.236404418751746448e-01 0.000000000000000000e+00 0.000000000000000000e+00 0.000000000000000000e+00 0.000000000000000000e+00 0.000000000000000000e+00 0.000000000000000000e+00 0.000000000000000000e+00 0.000000000000000000e+00 0.000000000000000000e+00 0.000000000000000000e+00 0.000000000000000000e+00 0.000000000000000000e+00 0.000000000000000000e+00 0.000000000000000000e+00
4.847549372128290984e-02 4.961799705887297990e-02 4.986103515118601309e-02 4.940731106426083513e-02 4.842210195222278885e-02 4.703969813266278138e-02 4.536876713238974929e-02 4.349681973235362126e-02 6.183107760547682519e-01 0.000000000000000000e+00 0.000000000000000000e+00 0.000000000000000000e+00 0.000000000000000000e+00 0.000000000000000000e+00 0.000000000000000000e+00 0.000000000000000000e+00 0.000000000000000000e+00 0.000000000000000000e+00 0.000000000000000000e+00 0.000000000000000000e+00 0.000000000000000000e+00 0.000000000000000000e+00
4.355970668128752998e-02 4.456513900827173413e-02 4.489080900397299234e-02 4.467503385309209291e-02 4.403299856869156287e-02 4.306036476797687335e-02 4.183633284437372757e-02 4.042623921908929108e-02 3.888375822598933579e-02 6.140696178272551098e-01 0.000000000000000000e+00 0.000000000000000000e+00 0.000000000000000000e+00 0.000000000000000000e+00 0.000000000000000000e+00 0.000000000000000000e+00 0.000000000000000000e+00 0.000000000000000000e+00 0.000000000000000000e+00 0.000000000000000000e+00 0.000000000000000000e+00 0.000000000000000000e+00
3.954676005874663280e-02 4.043318068233648505e-02 4.079365380984899259e-02 4.072573627229923027e-02 4.031207399213743159e-02 3.962252977179191171e-02 3.871601616333512214e-02 3.764207375795589061e-02 3.644222975064099340e-02 3.515116689532849642e-02 6.106145788455787926e-01 0.000000000000000000e+00 0.000000000000000000e+00 0.000000000000000000e+00 0.000000000000000000e+00 0.000000000000000000e+00 0.000000000000000000e+00 0.000000000000000000e+00 0.000000000000000000e+00 0.000000000000000000e+00 0.000000000000000000e+00 0.000000000000000000e+00
3.620931228441611610e-02 3.699382241320984394e-02 3.736319871609720955e-02 3.738819251761887202e-02 3.712959830219717677e-02 3.663956288177648568e-02 3.596272731284701901e-02 3.513722265232556430e-02 3.419553799869595734e-02 3.316527695202858145e-02 3.206981660279150520e-02 6.077457313659956339e-01 0.000000000000000000e+00 0.000000000000000000e+00 0.000000000000000000e+00 0.000000000000000000e+00 0.000000000000000000e+00 0.000000000000000000e+00 0.000000000000000000e+00 0.000000000000000000e+00 0.000000000000000000e+00 0.000000000000000000e+00
3.339032467201093202e-02 3.408788871062524289e-02 3.445213099855785888e-02 3.453559649382371977e-02 3.438397846513849276e-02 3.403695372938791985e-02 3.352891893221129904e-02 3.288963944547136642e-02 3.214482110987833263e-02 3.131661386150071807e-02 3.042405522928862474e-02 2.948346076107526831e-02 6.053256175910298742e-01 0.000000000000000000e+00 0.000000000000000000e+00 0.000000000000000000e+00 0.000000000000000000e+00 0.000000000000000000e+00 0.000000000000000000e+00 0.000000000000000000e+00 0.000000000000000000e+00 0.000000000000000000e+00
3.097786967220588286e-02 3.160117348927927311e-02 3.195284647149825019e-02 3.207272072004240665e-02 3.199578963026622480e-02 3.175275767448060282e-02 3.137052945754312261e-02 3.087264466781264316e-02 3.027966482808775936e-02 2.960951711084002305e-02 2.887779991095301008e-02 2.809805435985808508e-02 2.728200551070128488e-02 6.032566264964316360e-01 0.000000000000000000e+00 0.000000000000000000e+00 0.000000000000000000e+00 0.000000000000000000e+00 0.000000000000000000e+00 0.000000000000000000e+00 0.000000000000000000e+00 0.000000000000000000e+00
2.889003594905259487e-02 2.944969769520673977e-02 2.978511204529978029e-02 2.992701855867020352e-02 2.990266168311276132e-02 2.973616261528214816e-02 2.944885269123635740e-02 2.905957223682831617e-02 2.858493840860386673e-02 2.803958519719556425e-02 2.743637844289182476e-02 2.678660842337562617e-02 2.610016231331016220e-02 2.538567858149580123e-02 6.014675351584383156e-01 0.000000000000000000e+00 0.000000000000000000e+00 0.000000000000000000e+00 0.000000000000000000e+00 0.000000000000000000e+00 0.000000000000000000e+00 0.000000000000000000e+00
2.706550877089874615e-02 2.757038148848939621e-02 2.788799513097215896e-02 2.804244802336288214e-02 2.805526334267333458e-02 2.794564671321912719e-02 2.773071874226409883e-02 2.742572490343599123e-02 2.704422494542238833e-02 2.659826379541592803e-02 2.609852573857321389e-02 2.555447348445703815e-02 2.497447357738962967e-02 2.436590946825142531e-02 2.373528343919341019e-02 5.999051584359812450e-01 0.000000000000000000e+00 0.000000000000000000e+00 0.000000000000000000e+00 0.000000000000000000e+00 0.000000000000000000e+00 0.000000000000000000e+00
2.545748510204024276e-02 2.591495455546772089e-02 2.621445565294533431e-02 2.637514519400853061e-02 2.641424905118100117e-02 2.634724442267068201e-02 2.618802535284180458e-02 2.594905303756130446e-02 2.564149229475501390e-02 2.527533545604882317e-02 2.485951482209070376e-02 2.440200472106419938e-02 2.390991411608783118e-02 2.338957062181516028e-02 2.284659671285517446e-02 2.228597883592356443e-02 5.985289800506429225e-01 0.000000000000000000e+00 0.000000000000000000e+00 0.000000000000000000e+00 0.000000000000000000e+00 0.000000000000000000e+00
2.402962385406249776e-02 2.444586986722041555e-02 2.472764097634304672e-02 2.489035608252992623e-02 2.494796338276026454e-02 2.491307176842574855e-02 2.479707080325247587e-02 2.461024026100835579e-02 2.436185011971298345e-02 2.406025183250980540e-02 2.371296162532208693e-02 2.332673650734068405e-02 2.290764362176822208e-02 2.246112351062152721e-02 2.199204781833479991e-02 2.150477191401883523e-02 2.100318287119395250e-02 5.973075931835742924e-01 0.000000000000000000e+00 0.000000000000000000e+00 0.000000000000000000e+00 0.000000000000000000e+00
2.275327964354748392e-02 2.313349460259734799e-02 2.339829551421065273e-02 2.356023185677476664e-02 2.363071710130201092e-02 2.362012505974707063e-02 2.353787828279176736e-02 2.339252915512902292e-02 2.319183428374601771e-02 2.294282272644432644e-02 2.265185856345282300e-02 2.232469827422128850e-02 2.196654334397811839e-02 2.158208849019515804e-02 2.117556586742707497e-02 2.075078557989006034e-02 2.031117280438664296e-02 1.985980180160438341e-02 5.962162770485540664e-01 0.000000000000000000e+00 0.000000000000000000e+00 0.000000000000000000e+00
2.160556958221766105e-02 2.195413709906986893e-02 2.220291584612341801e-02 2.236222316214831612e-02 2.244148772416408935e-02 2.244932127980891340e-02 2.239358474550881550e-02 2.228144910758327393e-02 2.211945152970325526e-02 2.191354703898831455e-02 2.166915613428846768e-02 2.139120863368840220e-02 2.108418405377137858e-02 2.075214879060234552e-02 2.039879035151796749e-02 2.002744886757132012e-02 1.964114609869900899e-02 1.924261212729033027e-02 1.883430992069267881e-02 5.952353079065624275e-01 0.000000000000000000e+00 0.000000000000000000e+00
2.056799458765172853e-02 2.088863414122303988e-02 2.112241443261035634e-02 2.127789544909784031e-02 2.136293397957987616e-02 2.138473776286291955e-02 2.134991557831623921e-02 2.126452357923627398e-02 2.113410814719430750e-02 2.096374552513329687e-02 2.075807846801426201e-02 2.052135013220819648e-02 2.025743540854394245e-02 1.996986988881597341e-02 1.966187664156784920e-02 1.933639096000111524e-02 1.899608323285365344e-02 1.864338007795629873e-02 1.828048386787320748e-02 1.790939076747457073e-02 5.943487573717849415e-01 0.000000000000000000e+00
1.962543821490910639e-02 1.992132184383751947e-02 2.014113668381679184e-02 2.029204399851968627e-02 2.038064276151439411e-02 2.041301104833459154e-02 2.039474446305272748e-02 2.033099180924651320e-02 2.022648820047711488e-02 2.008558579166031324e-02 1.991228229994695953e-02 1.971024747184495218e-02 1.948284764228371685e-02 1.923316852105141223e-02 1.896403633248998355e-02 1.867803742546590706e-02 1.837753646237364966e-02 1.806469328826734375e-02 1.774147857407859172e-02 1.740968832124990470e-02 1.707095730894793092e-02 5.935436215366308721e-01
