2.320000000000000000e+02 2.530909090909091219e+01
2.200000000000000000e+02 2.200000000000000000e+01
2.050000000000000000e+02 1.892307692307692335e+01
1.990000000000000000e+02 1.705714285714285694e+01
1.870000000000000000e+02 1.496000000000000085e+01
1.760000000000000000e+02 1.319999999999999929e+01
1.630000000000000000e+02 1.150588235294117467e+01
1.510000000000000000e+02 1.006666666666666465e+01
1.350000000000000000e+02 8.526315789473683182e+00
1.250000000000000000e+02 7.500000000000000888e+00
1.180000000000000000e+02 6.742857142857142883e+00
1.150000000000000000e+02 6.272727272727273373e+00
1.090000000000000000e+02 5.686956521739130466e+00
1.040000000000000000e+02 5.200000000000000178e+00
1.010000000000000000e+02 4.847999999999999865e+00
9.800000000000000000e+01 4.523076923076922995e+00
9.300000000000000000e+01 4.133333333333333748e+00
9.100000000000000000e+01 3.899999999999999467e+00
9.000000000000000000e+01 3.724137931034482651e+00
8.800000000000000000e+01 3.520000000000000018e+00
8.700000000000000000e+01 3.367741935483870463e+00
8.600000000000000000e+01 3.224999999999999645e+00
8.500000000000000000e+01 3.090909090909091272e+00
8.400000000000000000e+01 2.964705882352940858e+00
8.300000000000000000e+01 2.845714285714286085e+00
8.200000000000000000e+01 2.733333333333332948e+00
8.100000000000000000e+01 2.627027027027027284e+00
7.900000000000000000e+01 2.494736842105262919e+00
7.800000000000000000e+01 2.399999999999999911e+00
7.700000000000000000e+01 2.310000000000000497e+00
7.700000000000000000e+01 2.253658536585365635e+00
7.700000000000000000e+01 2.200000000000000178e+00
7.600000000000000000e+01 2.120930232558139394e+00
7.600000000000000000e+01 2.072727272727272751e+00
7.500000000000000000e+01 1.999999999999999556e+00
7.400000000000000000e+01 1.930434782608695610e+00
7.300000000000000000e+01 1.863829787234042579e+00
7.300000000000000000e+01 1.824999999999999956e+00
7.300000000000000000e+01 1.787755102040816224e+00
7.400000000000000000e+01 1.776000000000000023e+00
