2.000000000000000000e+00 9.807966590144636143e+01
5.000000000000000000e+00 1.193784115388748148e+02
8.000000000000000000e+00 1.435225163860926614e+02
1.100000000000000000e+01 1.685571368369533616e+02
1.400000000000000000e+01 1.914652699477101123e+02
1.700000000000000000e+01 2.112499721805864397e+02
2.000000000000000000e+01 2.279822720391874498e+02
2.300000000000000000e+01 2.420712509251210349e+02
2.600000000000000000e+01 2.539701186127719836e+02
2.900000000000000000e+01 2.640816920202134952e+02
3.200000000000000000e+01 2.727383682581236144e+02
3.500000000000000000e+01 2.802067600564105305e+02
3.800000000000000000e+01 2.866987117972939245e+02
4.100000000000000000e+01 2.923824581490712262e+02
